Policy (LO(x), OM(x))
n: 5
Expected time: 7.490875
K: [[5. 5. 3. 1. 1. 0.]
 [0. 4. 3. 1. 1. 0.]
 [0. 0. 2. 1. 1. 0.]
 [0. 0. 0. 1. 1. 0.]
 [0. 0. 0. 0. 1. 0.]
 [0. 0. 0. 0. 0. 0.]]
T: [[1.    6.    7.5   7.5   5.    0.   ]
 [0.    5.    8.125 7.5   5.    0.   ]
 [0.    0.    8.333 7.5   5.    0.   ]
 [0.    0.    0.    7.5   5.    0.   ]
 [0.    0.    0.    0.    5.    0.   ]
 [0.    0.    0.    0.    0.    0.   ]]
Policy (LO(x), OM(x))
n: 1
Expected time: 1.5
K: [[1. 0.]
 [0. 0.]]
T: [[1. 0.]
 [0. 0.]]
Policy (LO(x), OM(x))
n: 2
Expected time: 2.25
K: [[2. 1. 0.]
 [0. 1. 0.]
 [0. 0. 0.]]
T: [[1. 2. 0.]
 [0. 2. 0.]
 [0. 0. 0.]]
Policy (LO(x), OM(x))
n: 3
Expected time: 3.375
K: [[3. 2. 1. 0.]
 [0. 2. 1. 0.]
 [0. 0. 1. 0.]
 [0. 0. 0. 0.]]
T: [[1. 3. 3. 0.]
 [0. 3. 3. 0.]
 [0. 0. 3. 0.]
 [0. 0. 0. 0.]]
Policy (LO(x), OM(x))
n: 4
Expected time: 5.3749375
K: [[4. 4. 3. 1. 0.]
 [0. 3. 1. 1. 0.]
 [0. 0. 1. 1. 0.]
 [0. 0. 0. 1. 0.]
 [0. 0. 0. 0. 0.]]
T: [[1.    5.    5.333 4.    0.   ]
 [0.    4.    6.    4.    0.   ]
 [0.    0.    6.    4.    0.   ]
 [0.    0.    0.    4.    0.   ]
 [0.    0.    0.    0.    0.   ]]
Policy (LO(x), OM(x))
n: 5
Expected time: 7.490875
K: [[5. 5. 3. 1. 1. 0.]
 [0. 4. 3. 1. 1. 0.]
 [0. 0. 2. 1. 1. 0.]
 [0. 0. 0. 1. 1. 0.]
 [0. 0. 0. 0. 1. 0.]
 [0. 0. 0. 0. 0. 0.]]
T: [[1.    6.    7.5   7.5   5.    0.   ]
 [0.    5.    8.125 7.5   5.    0.   ]
 [0.    0.    8.333 7.5   5.    0.   ]
 [0.    0.    0.    7.5   5.    0.   ]
 [0.    0.    0.    0.    5.    0.   ]
 [0.    0.    0.    0.    0.    0.   ]]
Policy (LO(x), OM(x))
n: 6
Expected time: 9.94609375
K: [[6. 6. 4. 3. 1. 1. 0.]
 [0. 5. 4. 3. 1. 1. 0.]
 [0. 0. 3. 1. 1. 1. 0.]
 [0. 0. 0. 1. 1. 1. 0.]
 [0. 0. 0. 0. 1. 1. 0.]
 [0. 0. 0. 0. 0. 1. 0.]
 [0. 0. 0. 0. 0. 0. 0.]]
T: [[ 1.     7.     9.84  10.16   9.     6.     0.   ]
 [ 0.     6.    10.2   10.625  9.     6.     0.   ]
 [ 0.     0.    11.    11.     9.     6.     0.   ]
 [ 0.     0.     0.    11.     9.     6.     0.   ]
 [ 0.     0.     0.     0.     9.     6.     0.   ]
 [ 0.     0.     0.     0.     0.     6.     0.   ]
 [ 0.     0.     0.     0.     0.     0.     0.   ]]
Policy (LO(x), OM(x))
n: 7
Expected time: 12.5490625
K: [[7. 7. 7. 4. 3. 1. 1. 0.]
 [0. 6. 5. 4. 1. 1. 1. 0.]
 [0. 0. 3. 2. 1. 1. 1. 0.]
 [0. 0. 0. 2. 1. 1. 1. 0.]
 [0. 0. 0. 0. 1. 1. 1. 0.]
 [0. 0. 0. 0. 0. 1. 1. 0.]
 [0. 0. 0. 0. 0. 0. 1. 0.]
 [0. 0. 0. 0. 0. 0. 0. 0.]]
T: [[ 1.     8.    11.5   12.631 12.772 10.5    7.     0.   ]
 [ 0.     7.    12.25  13.417 12.833 10.5    7.     0.   ]
 [ 0.     0.    14.    14.    12.833 10.5    7.     0.   ]
 [ 0.     0.     0.    14.    12.833 10.5    7.     0.   ]
 [ 0.     0.     0.     0.    12.833 10.5    7.     0.   ]
 [ 0.     0.     0.     0.     0.    10.5    7.     0.   ]
 [ 0.     0.     0.     0.     0.     0.     7.     0.   ]
 [ 0.     0.     0.     0.     0.     0.     0.     0.   ]]
Policy (LO(x), OM(x))
n: 8
Expected time: 15.36840625
K: [[8. 8. 8. 6. 5. 1. 1. 1. 0.]
 [0. 7. 6. 5. 3. 1. 1. 1. 0.]
 [0. 0. 4. 3. 3. 1. 1. 1. 0.]
 [0. 0. 0. 2. 1. 1. 1. 1. 0.]
 [0. 0. 0. 0. 1. 1. 1. 1. 0.]
 [0. 0. 0. 0. 0. 1. 1. 1. 0.]
 [0. 0. 0. 0. 0. 0. 1. 1. 0.]
 [0. 0. 0. 0. 0. 0. 0. 1. 0.]
 [0. 0. 0. 0. 0. 0. 0. 0. 0.]]
T: [[ 1.     9.    13.    15.451 15.748 14.667 12.     8.     0.   ]
 [ 0.     8.    14.286 16.196 16.14  14.667 12.     8.     0.   ]
 [ 0.     0.    16.667 17.1   16.557 14.667 12.     8.     0.   ]
 [ 0.     0.     0.    17.467 16.667 14.667 12.     8.     0.   ]
 [ 0.     0.     0.     0.    16.667 14.667 12.     8.     0.   ]
 [ 0.     0.     0.     0.     0.    14.667 12.     8.     0.   ]
 [ 0.     0.     0.     0.     0.     0.    12.     8.     0.   ]
 [ 0.     0.     0.     0.     0.     0.     0.     8.     0.   ]
 [ 0.     0.     0.     0.     0.     0.     0.     0.     0.   ]]
Policy (LO(x), OM(x))
n: 9
Expected time: 18.247533203125002
K: [[9. 9. 9. 9. 6. 3. 1. 1. 1. 0.]
 [0. 8. 7. 6. 4. 3. 1. 1. 1. 0.]
 [0. 0. 5. 4. 3. 1. 1. 1. 1. 0.]
 [0. 0. 0. 3. 2. 1. 1. 1. 1. 0.]
 [0. 0. 0. 0. 2. 1. 1. 1. 1. 0.]
 [0. 0. 0. 0. 0. 1. 1. 1. 1. 0.]
 [0. 0. 0. 0. 0. 0. 1. 1. 1. 0.]
 [0. 0. 0. 0. 0. 0. 0. 1. 1. 0.]
 [0. 0. 0. 0. 0. 0. 0. 0. 1. 0.]
 [0. 0. 0. 0. 0. 0. 0. 0. 0. 0.]]
T: [[ 1.    10.    14.5   17.5   18.546 18.409 16.5   13.5    9.     0.   ]
 [ 0.     9.    16.312 18.819 19.258 18.689 16.5   13.5    9.     0.   ]
 [ 0.     0.    19.5   20.1   19.829 18.75  16.5   13.5    9.     0.   ]
 [ 0.     0.     0.    20.7   20.1   18.75  16.5   13.5    9.     0.   ]
 [ 0.     0.     0.     0.    20.1   18.75  16.5   13.5    9.     0.   ]
 [ 0.     0.     0.     0.     0.    18.75  16.5   13.5    9.     0.   ]
 [ 0.     0.     0.     0.     0.     0.    16.5   13.5    9.     0.   ]
 [ 0.     0.     0.     0.     0.     0.     0.    13.5    9.     0.   ]
 [ 0.     0.     0.     0.     0.     0.     0.     0.     9.     0.   ]
 [ 0.     0.     0.     0.     0.     0.     0.     0.     0.     0.   ]]
Policy (LO(x), OM(x))
n: 10
Expected time: 21.2886728515625
K: [[10. 10. 10. 10.  7.  5.  1.  1.  1.  1.  0.]
 [ 0.  9.  8.  7.  6.  3.  1.  1.  1.  1.  0.]
 [ 0.  0.  6.  5.  4.  3.  1.  1.  1.  1.  0.]
 [ 0.  0.  0.  3.  3.  1.  1.  1.  1.  1.  0.]
 [ 0.  0.  0.  0.  2.  1.  1.  1.  1.  1.  0.]
 [ 0.  0.  0.  0.  0.  1.  1.  1.  1.  1.  0.]
 [ 0.  0.  0.  0.  0.  0.  1.  1.  1.  1.  0.]
 [ 0.  0.  0.  0.  0.  0.  0.  1.  1.  1.  0.]
 [ 0.  0.  0.  0.  0.  0.  0.  0.  1.  1.  0.]
 [ 0.  0.  0.  0.  0.  0.  0.  0.  0.  1.  0.]
 [ 0.  0.  0.  0.  0.  0.  0.  0.  0.  0.  0.]]
T: [[ 1.    11.    16.    19.333 21.513 21.691 20.833 18.333 15.    10.
   0.   ]
 [ 0.    10.    18.333 21.319 22.299 22.195 20.833 18.333 15.    10.
   0.   ]
 [ 0.     0.    22.5   23.146 23.115 22.468 20.833 18.333 15.    10.
   0.   ]
 [ 0.     0.     0.    24.262 23.69  22.833 20.833 18.333 15.    10.
   0.   ]
 [ 0.     0.     0.     0.    23.833 22.833 20.833 18.333 15.    10.
   0.   ]
 [ 0.     0.     0.     0.     0.    22.833 20.833 18.333 15.    10.
   0.   ]
 [ 0.     0.     0.     0.     0.     0.    20.833 18.333 15.    10.
   0.   ]
 [ 0.     0.     0.     0.     0.     0.     0.    18.333 15.    10.
   0.   ]
 [ 0.     0.     0.     0.     0.     0.     0.     0.    15.    10.
   0.   ]
 [ 0.     0.     0.     0.     0.     0.     0.     0.     0.    10.
   0.   ]
 [ 0.     0.     0.     0.     0.     0.     0.     0.     0.     0.
   0.   ]]
